0.000000000000000000e+00
1.258300056347737630e-02
2.516511564896479342e-02
3.774545984078423594e-02
5.032314784787721845e-02
6.289729456610351765e-02
7.546701514052690796e-02
8.803142502768315780e-02
1.005896400578263072e-01
1.131407764971484320e-01
1.256839511099690498e-01
1.382182812208890832e-01
1.507428847769056168e-01
1.632568804094830239e-01
1.757593874965753256e-01
1.882495262245967860e-01
2.007264176503353315e-01
2.131891837628040465e-01
2.256369475450283602e-01
2.380688330357621507e-01
2.504839653911301034e-01
2.628814709461912980e-01
2.752604772764201124e-01
2.876201132590990861e-01
2.999595091346211051e-01
3.122777965676952205e-01
3.245741087084518250e-01
3.368475802534441343e-01
3.490973475065404230e-01
3.613225484397027398e-01
3.735223227536493829e-01
3.856958119383943062e-01
3.978421593336616269e-01
4.099605101891696246e-01
4.220500117247801275e-01
4.341098131905100077e-01
4.461390659263986258e-01
4.581369234222294473e-01
4.701025413770993922e-01
4.820350777588330304e-01
4.939336928632378498e-01
5.057975493731943217e-01
5.176258124175789899e-01
5.294176496300155854e-01
5.411722312074485064e-01
5.528887299685376622e-01
5.645663214118679107e-01
5.762041837739700911e-01
5.878014980871484330e-01
5.993574482371135659e-01
6.108712210204121362e-01
6.223420062016532528e-01
6.337689965705251005e-01
6.451513879985997235e-01
6.564883794959199825e-01
6.677791732673661329e-01
6.790229747687969164e-01
6.902189927629632793e-01
7.013664393751876114e-01
7.124645301488082838e-01
7.235124841003814922e-01
7.345095237746409600e-01
7.454548752992068428e-01
7.563477684390452760e-01
7.671874366506699072e-01
7.779731171360839692e-01
7.887040508964597851e-01
7.993794827855502660e-01
8.099986615628282927e-01
8.205608399463535374e-01
8.310652746653588441e-01
8.415112265125541668e-01
8.518979603961469582e-01
8.622247453915699023e-01
8.724908547929173253e-01
8.826955661640842887e-01
8.928381613896043678e-01
9.029179267251856711e-01
9.129341528479359980e-01
9.228861349062795760e-01
9.327731725695582732e-01
9.425945700773137315e-01
9.523496362882497568e-01
9.620376847288674149e-01
9.716580336417734998e-01
9.812100060336572671e-01
9.906929297229293274e-01
1.000106137387025251e+00
1.009448966609364451e+00
1.018720759925966224e+00
1.027920864871715967e+00
1.037048634026279004e+00
1.046103425059660363e+00
1.055084600777407511e+00
1.063991529165448036e+00
1.072823583434567185e+00
1.081580142064514360e+00
1.090260588847740797e+00
1.098864312932762433e+00
1.107390708867145745e+00
1.115839176640114783e+00
1.124209121724774274e+00
1.132499955119945945e+00
1.140711093391619357e+00
1.148841958714006628e+00
1.156891978910205454e+00
1.164860587492464017e+00
1.172747223702044650e+00
1.180551332548685606e+00
1.188272364849655816e+00
1.195909777268401308e+00
1.203463032352780848e+00
1.210931598572886569e+00
1.218314950358448501e+00
1.225612568135819203e+00
1.232823938364536520e+00
1.239948553573462897e+00
1.246985912396495477e+00
1.253935519607847882e+00
1.260796886156900776e+00
1.267569529202615009e+00
1.274252972147511542e+00
1.280846744671209070e+00
1.287350382763520873e+00
1.293763428757107814e+00
1.300085431359684796e+00
1.306315945685778912e+00
1.312454533288036185e+00
1.318500762188075992e+00
1.324454206906888531e+00
1.330314448494778201e+00
1.336081074560843351e+00
1.341753679301998181e+00
1.347331863531529006e+00
1.352815234707185787e+00
1.358203406958804260e+00
1.363496001115461764e+00
1.368692644732159236e+00
1.373792972116030242e+00
1.378796624352075062e+00
1.383703249328418927e+00
1.388512501761088647e+00
1.393224043218312724e+00
1.397837542144335643e+00
1.402352673882750089e+00
1.406769120699343123e+00
1.411086571804456291e+00
1.415304723374855467e+00
1.419423278575111524e+00
1.423441947578488742e+00
1.427360447587339376e+00
1.431178502853006851e+00
1.434895844695227796e+00
1.438512211521040474e+00
1.442027348843193391e+00
1.445441009298054302e+00
1.448752952663015847e+00
1.451962945873402022e+00
1.455070763038867732e+00
1.458076185459296070e+00
1.460979001640187569e+00
1.463779007307544067e+00
1.466476005422242990e+00
1.469069806193902927e+00
1.471560227094241391e+00
1.473947092869916098e+00
1.476230235554860881e+00
1.478409494482104236e+00
1.480484716295075387e+00
1.482455754958396543e+00
1.484322471768159790e+00
1.486084735361687059e+00
1.487742421726775621e+00
1.489295414210422663e+00
1.490743603527036942e+00
1.492086887766127301e+00
1.493325172399475154e+00
1.494458370287786497e+00
1.495486401686823230e+00
1.496409194253015995e+00
1.497226683048554108e+00
1.497938810545955901e+00
1.498545526632116598e+00
1.499046788611835268e+00
1.499442561210818425e+00
1.499732816578163375e+00
1.499917534288317533e+00
1.500000000000000000e+00
1.500000000000000000e+00
1.500000000000000000e+00
1.500000000000000000e+00
1.500000000000000000e+00
1.500000000000000000e+00
1.500000000000000000e+00
1.500000000000000000e+00
1.500000000000000000e+00
1.500000000000000000e+00
1.500000000000000000e+00
1.500000000000000000e+00
1.500000000000000000e+00
1.500000000000000000e+00
1.500000000000000000e+00
1.500000000000000000e+00
1.500000000000000000e+00
1.500000000000000000e+00
1.500000000000000000e+00
1.500000000000000000e+00
1.500000000000000000e+00
1.500000000000000000e+00
1.500000000000000000e+00
1.500000000000000000e+00
1.500000000000000000e+00
1.500000000000000000e+00
1.500000000000000000e+00
1.500000000000000000e+00
1.500000000000000000e+00
1.500000000000000000e+00
1.500000000000000000e+00
1.500000000000000000e+00
1.500000000000000000e+00
1.500000000000000000e+00
1.500000000000000000e+00
1.500000000000000000e+00
1.500000000000000000e+00
1.500000000000000000e+00
1.500000000000000000e+00
1.500000000000000000e+00
1.500000000000000000e+00
1.500000000000000000e+00
1.500000000000000000e+00
1.500000000000000000e+00
1.500000000000000000e+00
1.500000000000000000e+00
1.500000000000000000e+00
1.500000000000000000e+00
1.500000000000000000e+00
1.500000000000000000e+00
1.500000000000000000e+00
1.500000000000000000e+00
1.500000000000000000e+00
1.500000000000000000e+00
1.500000000000000000e+00
1.500000000000000000e+00
1.500000000000000000e+00
1.500000000000000000e+00
1.500000000000000000e+00
1.500000000000000000e+00
1.500000000000000000e+00
1.500000000000000000e+00
1.500000000000000000e+00
1.500000000000000000e+00
1.500000000000000000e+00
1.500000000000000000e+00
1.500000000000000000e+00
1.500000000000000000e+00
1.500000000000000000e+00
1.500000000000000000e+00
1.500000000000000000e+00
1.500000000000000000e+00
1.500000000000000000e+00
1.500000000000000000e+00
1.500000000000000000e+00
1.500000000000000000e+00
1.500000000000000000e+00
1.500000000000000000e+00
1.500000000000000000e+00
1.500000000000000000e+00
1.500000000000000000e+00
1.500000000000000000e+00
1.500000000000000000e+00
1.500000000000000000e+00
1.500000000000000000e+00
1.500000000000000000e+00
1.500000000000000000e+00
1.500000000000000000e+00
1.500000000000000000e+00
1.500000000000000000e+00
1.500000000000000000e+00
1.500000000000000000e+00
1.500000000000000000e+00
1.500000000000000000e+00
1.500000000000000000e+00
1.500000000000000000e+00
1.500000000000000000e+00
1.500000000000000000e+00
1.500000000000000000e+00
1.500000000000000000e+00
1.500000000000000000e+00
1.500000000000000000e+00
1.500000000000000000e+00
1.500000000000000000e+00
1.500000000000000000e+00
1.500000000000000000e+00
1.500000000000000000e+00
1.500000000000000000e+00
1.500000000000000000e+00
1.500000000000000000e+00
1.500000000000000000e+00
1.500000000000000000e+00
1.500000000000000000e+00
1.500000000000000000e+00
1.500000000000000000e+00
1.500000000000000000e+00
1.500000000000000000e+00
1.500000000000000000e+00
1.500000000000000000e+00
1.500000000000000000e+00
1.500000000000000000e+00
1.500000000000000000e+00
1.500000000000000000e+00
1.500000000000000000e+00
1.500000000000000000e+00
1.499996701342516392e+00
1.499970312169697007e+00
1.499838368626890794e+00
1.499600879999093639e+00
1.499257862998611301e+00
1.498809341763883696e+00
1.498255347857786246e+00
1.497595920265409442e+00
1.496831105391314143e+00
1.495960957056266860e+00
1.494985536493452560e+00
1.493904912344165226e+00
1.492719160652977273e+00
1.491428364862388722e+00
1.490032615806955230e+00
1.488532011706894975e+00
1.486926658161178860e+00
1.485216668140097340e+00
1.483402161977311229e+00
1.481483267361384693e+00
1.479460119326798218e+00
1.477332860244447543e+00
1.475101639811623011e+00
1.472766615041477323e+00
1.470327950251974825e+00
1.467785817054329200e+00
1.465140394340926022e+00
1.462391868272735485e+00
1.459540432266210441e+00
1.456586286979676625e+00
1.453529640299211056e+00
1.450370707324014852e+00
1.447109710351273559e+00
1.443746878860516780e+00
1.440282449497467532e+00
1.436716666057390679e+00
1.433049779467935103e+00
1.429282047771477160e+00
1.425413736106961426e+00
1.421445116691242960e+00
1.417376468799930400e+00
1.413208078747733243e+00
1.408940239868315292e+00
1.404573252493649616e+00
1.400107423932885675e+00
1.395543068450723734e+00
1.390880507245298769e+00
1.386120068425578777e+00
1.381262086988273907e+00
1.376306904794263986e+00
1.371254870544539983e+00
1.366106339755666754e+00
1.360861674734763715e+00
1.355521244554011018e+00
1.350085425024674324e+00
1.344554598670662848e+00
1.338929154701606672e+00
1.333209488985470648e+00
1.327396004020694242e+00
1.321489108907870191e+00
1.315489219320953751e+00
1.309396757478010986e+00
1.303212152111508981e+00
1.296935838438143307e+00
1.290568258128212520e+00
1.284109859274537246e+00
1.277561096360927184e+00
1.270922430230198685e+00
1.264194328051746474e+00
1.257377263288664171e+00
1.250471715664431605e+00
1.243478171129152043e+00
1.236397121825357548e+00
1.229229066053376007e+00
1.221974508236265189e+00
1.214633958884315135e+00
1.207207934559124229e+00
1.199696957837248501e+00
1.192101557273426815e+00
1.184422267363384185e+00
1.176659628506222077e+00
1.168814186966388391e+00
1.160886494835236649e+00
1.152877109992172633e+00
1.144786596065400008e+00
1.136615522392253164e+00
1.128364463979135257e+00
1.120034001461053919e+00
1.111624721060759047e+00
1.103137214547492917e+00
1.094572079195345715e+00
1.085929917741224049e+00
1.077211338342435765e+00
1.068416954533894181e+00
1.059547385184943291e+00
1.050603254455806157e+00
1.041585191753662265e+00
1.032493831688357178e+00
1.023329814027741147e+00
1.014093783652652903e+00
1.004786390511533511e+00
9.954082895746929616e-01
9.859601407882152557e-01
9.764426090275235559e-01
9.668563640505845047e-01
9.572020804507832548e-01
9.474804376094472236e-01
9.376921196480406673e-01
9.278378153800199701e-01
9.179182182623630837e-01
9.079340263467674532e-01
8.978859422305311977e-01
8.877746730071082171e-01
8.776009302163488845e-01
8.673654297944310976e-01
8.570688920234743602e-01
8.467120414808602114e-01
8.362956069882344634e-01
8.258203215602260006e-01
8.152869223528589337e-01
8.046961506116842022e-01
7.940487516196097495e-01
7.833454746444613592e-01
7.725870728862503922e-01
7.617743034241745148e-01
7.509079271633389840e-01
7.399887087812122566e-01
7.290174166738128125e-01
7.179948229016390737e-01
7.069217031353373093e-01
6.957988366011176318e-01
6.846270060259166401e-01
6.734069975823202547e-01
6.621396008332376404e-01
6.508256086763373194e-01
6.394658172882544678e-01
6.280610260685582924e-01
6.166120375835015821e-01
6.051196575095414421e-01
5.935846945766434235e-01
5.820079605113689381e-01
5.703902699797560594e-01
5.587324405299887164e-01
5.470352925348664908e-01
5.352996491340709095e-01
5.235263361762449996e-01
5.117161821608738892e-01
4.998700181799850539e-01
4.879886778596600472e-01
4.760729973013762550e-01
4.641238150231637993e-01
4.521419719006057325e-01
4.401283111076564891e-01
4.280836780573136213e-01
4.160089203421196702e-01
4.039048876745234273e-01
3.917724318270762174e-01
3.796124065724993946e-01
3.674256676235976293e-01
3.552130725730461847e-01
3.429754808330395255e-01
3.307137535748113089e-01
3.184287536680377451e-01
3.061213456201108962e-01
2.937923955153097788e-01
2.814427709538445677e-01
2.690733409908102614e-01
2.566849760750238296e-01
2.442785479877780941e-01
2.318549297814840870e-01
2.194149957182415789e-01
2.069596212083097964e-01
1.944896827485117496e-01
1.820060578605451895e-01
1.695096250292384699e-01
1.570012636407246975e-01
1.444818539205631192e-01
1.319522768717942274e-01
1.194134142129439358e-01
1.068661483159735887e-01
9.431136214419057195e-02
8.174993919011129540e-02
6.918276341328703782e-02
5.661071917810279325e-02
4.403469119154104772e-02
3.145556444092538484e-02
1.887422413164047824e-02
6.291555624843902204e-03
-6.291555624842869177e-03
-1.887422413164011395e-02
-3.145556444092502402e-02
-4.403469119154067302e-02
-5.661071917810242549e-02
-6.918276341328666312e-02
-8.174993919011092069e-02
-9.431136214419019725e-02
-1.068661483159732417e-01
-1.194134142129429088e-01
-1.319522768717945327e-01
-1.444818539205627583e-01
-1.570012636407243090e-01
-1.695096250292374429e-01
-1.820060578605454948e-01
-1.944896827485113611e-01
-2.069596212083100739e-01
-2.194149957182405797e-01
-2.318549297814837262e-01
-2.442785479877777333e-01
-2.566849760750234966e-01
-2.690733409908092622e-01
-2.814427709538441791e-01
-2.937923955153094457e-01
-3.061213456201105076e-01
-3.184287536680367459e-01
-3.307137535748102541e-01
-3.429754808330385263e-01
-3.552130725730451855e-01
-3.674256676235979069e-01
-3.796124065724990615e-01
-3.917724318270765504e-01
-4.039048876745230943e-01
-4.160089203421199477e-01
-4.280836780573126221e-01
-4.401283111076561561e-01
-4.521419719006047888e-01
-4.641238150231633552e-01
-4.760729973013758665e-01
-4.879886778596597141e-01
-4.998700181799847209e-01
-5.117161821608741112e-01
-5.235263361762445555e-01
-5.352996491340705765e-01
-5.470352925348654916e-01
-5.587324405299883834e-01
-5.703902699797562814e-01
-5.820079605113686050e-01
-5.935846945766430904e-01
-6.051196575095411090e-01
-6.166120375835012490e-01
-6.280610260685572932e-01
-6.394658172882534686e-01
-6.508256086763364312e-01
-6.621396008332367522e-01
-6.734069975823204768e-01
-6.846270060259169732e-01
-6.957988366011171877e-01
-7.069217031353375313e-01
-7.179948229016387407e-01
-7.290174166738124795e-01
-7.399887087812113684e-01
-7.509079271633386510e-01
-7.617743034241735156e-01
-7.725870728862500592e-01
-7.833454746444610262e-01
-7.940487516196094164e-01
-8.046961506116838692e-01
-8.152869223528592668e-01
-8.258203215602252234e-01
-8.362956069882341303e-01
-8.467120414808594342e-01
-8.570688920234745822e-01
-8.673654297944306535e-01
-8.776009302163485515e-01
-8.877746730071078840e-01
-8.978859422305308646e-01
-9.079340263467671202e-01
-9.179182182623621955e-01
-9.278378153800197481e-01
-9.376921196480398901e-01
-9.474804376094476677e-01
-9.572020804507830327e-01
-9.668563640505846157e-01
-9.764426090275231118e-01
-9.859601407882154778e-01
-9.954082895746920734e-01
-1.004786390511533511e+00
-1.014093783652652458e+00
-1.023329814027740703e+00
-1.032493831688356956e+00
-1.041585191753662043e+00
-1.050603254455805935e+00
-1.059547385184942847e+00
-1.068416954533893959e+00
-1.077211338342434876e+00
-1.085929917741223383e+00
-1.094572079195345271e+00
-1.103137214547493139e+00
-1.111624721060758603e+00
-1.120034001461053474e+00
-1.128364463979135035e+00
-1.136615522392252497e+00
-1.144786596065399786e+00
-1.152877109992172411e+00
-1.160886494835235982e+00
-1.168814186966387947e+00
-1.176659628506222743e+00
-1.184422267363384407e+00
-1.192101557273426593e+00
-1.199696957837248501e+00
-1.207207934559124451e+00
-1.214633958884314691e+00
-1.221974508236264523e+00
-1.229229066053375341e+00
-1.236397121825357326e+00
-1.243478171129152265e+00
-1.250471715664431382e+00
-1.257377263288663949e+00
-1.264194328051745808e+00
-1.270922430230198907e+00
-1.277561096360926740e+00
-1.284109859274536580e+00
-1.290568258128212520e+00
-1.296935838438143751e+00
-1.303212152111508981e+00
-1.309396757478010986e+00
-1.315489219320953307e+00
-1.321489108907870413e+00
-1.327396004020694020e+00
-1.333209488985469982e+00
-1.338929154701606228e+00
-1.344554598670662848e+00
-1.350085425024674768e+00
-1.355521244554010796e+00
-1.360861674734763493e+00
-1.366106339755666976e+00
-1.371254870544539983e+00
-1.376306904794263763e+00
-1.381262086988273463e+00
-1.386120068425578555e+00
-1.390880507245298547e+00
-1.395543068450723734e+00
-1.400107423932885453e+00
-1.404573252493649393e+00
-1.408940239868315514e+00
-1.413208078747733243e+00
-1.417376468799929956e+00
-1.421445116691242516e+00
-1.425413736106961204e+00
-1.429282047771476938e+00
-1.433049779467934881e+00
-1.436716666057390457e+00
-1.440282449497467754e+00
-1.443746878860516780e+00
-1.447109710351273337e+00
-1.450370707324014408e+00
-1.453529640299211056e+00
-1.456586286979676181e+00
-1.459540432266210441e+00
-1.462391868272735485e+00
-1.465140394340926244e+00
-1.467785817054329200e+00
-1.470327950251974602e+00
-1.472766615041477101e+00
-1.475101639811623011e+00
-1.477332860244447321e+00
-1.479460119326798218e+00
-1.481483267361384693e+00
-1.483402161977311229e+00
-1.485216668140097340e+00
-1.486926658161178860e+00
-1.488532011706894975e+00
-1.490032615806955008e+00
-1.491428364862388722e+00
-1.492719160652977273e+00
-1.493904912344165226e+00
-1.494985536493452560e+00
-1.495960957056266860e+00
-1.496831105391314143e+00
-1.497595920265409442e+00
-1.498255347857786246e+00
-1.498809341763883696e+00
-1.499257862998611301e+00
-1.499600879999093639e+00
-1.499838368626890794e+00
-1.499970312169697007e+00
-1.500000000000000000e+00
-1.500000000000000000e+00
-1.500000000000000000e+00
-1.500000000000000000e+00
-1.500000000000000000e+00
-1.500000000000000000e+00
-1.500000000000000000e+00
-1.500000000000000000e+00
-1.500000000000000000e+00
-1.500000000000000000e+00
-1.500000000000000000e+00
-1.500000000000000000e+00
-1.500000000000000000e+00
-1.500000000000000000e+00
-1.500000000000000000e+00
-1.500000000000000000e+00
-1.500000000000000000e+00
-1.500000000000000000e+00
-1.500000000000000000e+00
-1.500000000000000000e+00
-1.500000000000000000e+00
-1.500000000000000000e+00
-1.500000000000000000e+00
-1.500000000000000000e+00
-1.500000000000000000e+00
-1.500000000000000000e+00
-1.500000000000000000e+00
-1.500000000000000000e+00
-1.500000000000000000e+00
-1.500000000000000000e+00
-1.500000000000000000e+00
-1.500000000000000000e+00
-1.500000000000000000e+00
-1.500000000000000000e+00
-1.500000000000000000e+00
-1.500000000000000000e+00
-1.500000000000000000e+00
-1.500000000000000000e+00
-1.500000000000000000e+00
-1.500000000000000000e+00
-1.500000000000000000e+00
-1.500000000000000000e+00
-1.500000000000000000e+00
-1.500000000000000000e+00
-1.500000000000000000e+00
-1.500000000000000000e+00
-1.500000000000000000e+00
-1.500000000000000000e+00
-1.500000000000000000e+00
-1.500000000000000000e+00
-1.500000000000000000e+00
-1.500000000000000000e+00
-1.500000000000000000e+00
-1.500000000000000000e+00
-1.500000000000000000e+00
-1.500000000000000000e+00
-1.500000000000000000e+00
-1.500000000000000000e+00
-1.500000000000000000e+00
-1.500000000000000000e+00
-1.500000000000000000e+00
-1.500000000000000000e+00
-1.500000000000000000e+00
-1.500000000000000000e+00
-1.500000000000000000e+00
-1.500000000000000000e+00
-1.500000000000000000e+00
-1.500000000000000000e+00
-1.500000000000000000e+00
-1.500000000000000000e+00
-1.500000000000000000e+00
-1.500000000000000000e+00
-1.500000000000000000e+00
-1.500000000000000000e+00
-1.500000000000000000e+00
-1.500000000000000000e+00
-1.500000000000000000e+00
-1.500000000000000000e+00
-1.500000000000000000e+00
-1.500000000000000000e+00
-1.500000000000000000e+00
-1.500000000000000000e+00
-1.500000000000000000e+00
-1.500000000000000000e+00
-1.500000000000000000e+00
-1.500000000000000000e+00
-1.500000000000000000e+00
-1.500000000000000000e+00
-1.500000000000000000e+00
-1.500000000000000000e+00
-1.500000000000000000e+00
-1.500000000000000000e+00
-1.500000000000000000e+00
-1.500000000000000000e+00
-1.500000000000000000e+00
-1.500000000000000000e+00
-1.500000000000000000e+00
-1.500000000000000000e+00
-1.500000000000000000e+00
-1.500000000000000000e+00
-1.500000000000000000e+00
-1.500000000000000000e+00
-1.500000000000000000e+00
-1.500000000000000000e+00
-1.500000000000000000e+00
-1.500000000000000000e+00
-1.500000000000000000e+00
-1.500000000000000000e+00
-1.500000000000000000e+00
-1.500000000000000000e+00
-1.500000000000000000e+00
-1.500000000000000000e+00
-1.500000000000000000e+00
-1.500000000000000000e+00
-1.500000000000000000e+00
-1.500000000000000000e+00
-1.500000000000000000e+00
-1.500000000000000000e+00
-1.500000000000000000e+00
-1.500000000000000000e+00
-1.500000000000000000e+00
-1.500000000000000000e+00
-1.500000000000000000e+00
-1.500000000000000000e+00
-1.500000000000000000e+00
-1.499996701342516392e+00
-1.499917534288317533e+00
-1.499732816578163375e+00
-1.499442561210818425e+00
-1.499046788611835268e+00
-1.498545526632116598e+00
-1.497938810545955901e+00
-1.497226683048554108e+00
-1.496409194253015773e+00
-1.495486401686823230e+00
-1.494458370287786497e+00
-1.493325172399475376e+00
-1.492086887766127301e+00
-1.490743603527036942e+00
-1.489295414210422885e+00
-1.487742421726775621e+00
-1.486084735361687059e+00
-1.484322471768159790e+00
-1.482455754958396543e+00
-1.480484716295075387e+00
-1.478409494482104236e+00
-1.476230235554860881e+00
-1.473947092869916098e+00
-1.471560227094241613e+00
-1.469069806193903149e+00
-1.466476005422242768e+00
-1.463779007307544289e+00
-1.460979001640187791e+00
-1.458076185459296070e+00
-1.455070763038867732e+00
-1.451962945873402244e+00
-1.448752952663016291e+00
-1.445441009298054524e+00
-1.442027348843193391e+00
-1.438512211521040252e+00
-1.434895844695227796e+00
-1.431178502853007073e+00
-1.427360447587339376e+00
-1.423441947578488742e+00
-1.419423278575111969e+00
-1.415304723374856133e+00
-1.411086571804456735e+00
-1.406769120699342901e+00
-1.402352673882750089e+00
-1.397837542144336087e+00
-1.393224043218312724e+00
-1.388512501761088869e+00
-1.383703249328418927e+00
-1.378796624352075506e+00
-1.373792972116030242e+00
-1.368692644732159014e+00
-1.363496001115461764e+00
-1.358203406958804482e+00
-1.352815234707186010e+00
-1.347331863531529006e+00
-1.341753679301998403e+00
-1.336081074560843573e+00
-1.330314448494778201e+00
-1.324454206906888754e+00
-1.318500762188075770e+00
-1.312454533288036407e+00
-1.306315945685779356e+00
-1.300085431359684573e+00
-1.293763428757107814e+00
-1.287350382763521317e+00
-1.280846744671209958e+00
-1.274252972147511986e+00
-1.267569529202615453e+00
-1.260796886156900776e+00
-1.253935519607848326e+00
-1.246985912396495255e+00
-1.239948553573463119e+00
-1.232823938364536964e+00
-1.225612568135819647e+00
-1.218314950358448723e+00
-1.210931598572887014e+00
-1.203463032352780626e+00
-1.195909777268401530e+00
-1.188272364849656260e+00
-1.180551332548685606e+00
-1.172747223702044872e+00
-1.164860587492464461e+00
-1.156891978910206342e+00
-1.148841958714006850e+00
-1.140711093391619801e+00
-1.132499955119945945e+00
-1.124209121724774496e+00
-1.115839176640114783e+00
-1.107390708867145968e+00
-1.098864312932762655e+00
-1.090260588847741685e+00
-1.081580142064514583e+00
-1.072823583434567629e+00
-1.063991529165448924e+00
-1.055084600777407733e+00
-1.046103425059660141e+00
-1.037048634026279004e+00
-1.027920864871716411e+00
-1.018720759925967112e+00
-1.009448966609364451e+00
-1.000106137387025473e+00
-9.906929297229301046e-01
-9.812100060336574892e-01
-9.716580336417740549e-01
-9.620376847288670819e-01
-9.523496362882497568e-01
-9.425945700773142866e-01
-9.327731725695591614e-01
-9.228861349062797981e-01
-9.129341528479364420e-01
-9.029179267251865593e-01
-8.928381613896048119e-01
-8.826955661640838446e-01
-8.724908547929173253e-01
-8.622247453915704574e-01
-8.518979603961478464e-01
-8.415112265125543889e-01
-8.310652746653590661e-01
-8.205608399463544256e-01
-8.099986615628294029e-01
-7.993794827855494889e-01
-7.887040508964596741e-01
-7.779731171360841913e-01
-7.671874366506703513e-01
-7.563477684390452760e-01
-7.454548752992071758e-01
-7.345095237746417371e-01
-7.235124841003828244e-01
-7.124645301488087279e-01
-7.013664393751872783e-01
-6.902189927629631683e-01
-6.790229747687973605e-01
-6.677791732673669101e-01
-6.564883794959202046e-01
-6.451513879986002786e-01
-6.337689965705259887e-01
-6.223420062016545851e-01
-6.108712210204115811e-01
-5.993574482371135659e-01
-5.878014980871487660e-01
-5.762041837739708683e-01
-5.645663214118679107e-01
-5.528887299685381063e-01
-5.411722312074492836e-01
-5.294176496300168067e-01
-5.176258124175794340e-01
-5.057975493731938776e-01
-4.939336928632379609e-01
-4.820350777588335855e-01
-4.701025413770990591e-01
-4.581369234222296694e-01
-4.461390659263992919e-01
-4.341098131905111179e-01
-4.220500117247804051e-01
-4.099605101891690140e-01
-3.978421593336615159e-01
-3.856958119383946393e-01
-3.735223227536502155e-01
-3.613225484397027398e-01
-3.490973475065407561e-01
-3.368475802534449670e-01
-3.245741087084531573e-01
-3.122777965676957201e-01
-2.999595091346208275e-01
-2.876201132590992526e-01
-2.752604772764206675e-01
-2.628814709461910759e-01
-2.504839653911302699e-01
-2.380688330357628724e-01
-2.256369475450295536e-01
-2.131891837628043795e-01
-2.007264176503361086e-01
-1.882495262245967582e-01
-1.757593874965757141e-01
-1.632568804094838844e-01
-1.507428847769056723e-01
-1.382182812208895828e-01
-1.256839511099700213e-01
-1.131407764971485430e-01
-1.005896400578268624e-01
-8.803142502768288025e-02
-7.546701514052710225e-02
-6.289729456610418379e-02
-5.032314784787701722e-02
-3.774545984078452043e-02
-2.516511564896554976e-02
-1.258300056347860102e-02
-3.673940397442059375e-16
